３【事業等のリスク】

有価証券報告書に記載した事業の状況、経理の状況等に関する事項のうち、経営者が連結会社の財政状態、経営成績及びキャッシュ・フローの状況に重要な影響を与える可能性があると認識している主要なリスクは、以下のとおりであります。

なお、文中の将来に関する事項は、当連結会計年度末現在において当社グループが判断したものであります。

 

１．事業内容について

(1）事業の概要について

当社グループは戸建事業を主な事業とし、この他、マンション事業等を行っております。特に戸建事業は、住宅一次取得者層を主な購買層とした低価格の戸建住宅の分譲が中心であり、令和７年10月期において、売上高の95.6％（前連結会計年度は96.3％）を占めております。

戸建事業及びマンション事業等は、消費者の需要動向の影響を受ける傾向があり、景気見通しの悪化、消費者所得の減少、金利の上昇、物価・地価の変動、住宅税制の改正や消費税等の税率変更等により消費者の需要が減少した場合、当社グループの経営成績に影響が及ぶ可能性があります。

当社グループでは、分譲用地仕入に際して徹底したマーケットリサーチを行うとともに事業サイクルの短縮を図ることで、当該リスクの低減に努めております。

 

(2）マンション事業等について

当社グループはマンション事業等において、新築マンションの分譲、中古マンション等のリノベーション販売並びに不動産賃貸を中心に行っております。

新築マンションの分譲につきましては、比較的短期間で建築できる中規模マンションを分譲しております。当該事業については戸建事業ほど積極的な事業拡大を目指しておらず、戸建住宅の分譲を中心とした事業活動の中でマンションに適した案件の情報が入手できた場合に、慎重に事業化の判断を行っております。従って、具体的な案件の有無により当該事業に関する売上が変動する可能性があります。

また、中古マンション等のリノベーション販売につきましては、中古マンション等を１戸単位で仕入れ、内装のリフォーム工事を行った後に販売を行っております。このリノベーション販売は、将来の事業展開に備えて継続してまいりますが、本格的に事業化するためには、更にノウハウの蓄積を行う必要があるものと見込まれます。

不動産賃貸につきましては、交通・周辺環境等の利便性の高い物件を厳選し、単身者向け賃貸マンション等を中心とする等、安定的な賃料収入の確保に努めております。しかしながら、不動産市況が悪化した場合、賃料収入の減少や当社所有不動産の評価損等が生じ、当社グループの経営成績に影響が及ぶ可能性があります。

 

(3）競争の激化について

当社グループでは、工期も含む事業サイクルの短縮及び仕入規模の拡大による建築コストの圧縮等により低価格での住宅供給に努めておりますが、競争激化等により当社の価格面での競争力が低下する可能性があります。また、販売競争が激化した場合、販売価格の下落や値引き競争により経営成績に影響が及ぶ可能性がある他、当社グループが販売未契約の完成物件を持つことを余儀なくされる可能性があります。

当該リスクに対しては、住宅のデザインや設備・仕様の見直しなどを通じて販売価格以外の面でも商品力の向上を図ることで、リスクの低減に努めております。

 

(4）価格変動等について

戸建事業及びマンション事業等においては、不動産市況、原材料価格や近隣の取引状況が物件の販売価格、ひいては、当社グループの経営成績に影響を及ぼす可能性があります。また、当社グループは完成前に全ての物件について顧客と契約を結ぶことで販売未契約の完成物件を持たないことを基本方針としております。当社グループでは、徹底したマーケットリサーチにより顧客ニーズに即した住宅のプランニングを行い、販売契約の早期化に努めておりますが、計画どおりに販売契約が完了しない物件について価格改定による販売促進を行うことに伴い採算が悪化する可能性があります。

 

(5）用地仕入について

戸建事業及びマンション事業等においては、土地の仕入の成否が経営成績に影響を及ぼします。当社グループが土地の仕入を行う際には、立地条件・面積・価格・地盤等について調査を行い、営業担当者が作成した事業計画を企画営業部業務推進課で審査を行うことで牽制が機能する体制を構築しておりますが、これにも関わらず周辺相場よりも高い価格で購入してしまう場合や当社グループが想定する価格で販売できない場合等があります。また、全体会議・支店長会議などを通じた進捗状況等の情報共有、エリアマネージャーによるサポート体制や仲介業者とのネットワークの強化により、仕入業務の円滑化を図っておりますが、他社との競合、情報収集の遅れ・不足等により土地の仕入が想定どおりにできない事態が発生する可能性があります。

また、用地仕入における専門知識と経験を有する優秀な人材の確保、育成のために、採用部門の強化や仕入業務に関するＯＪＴ体制の拡充、適切なインセンティブの設定などに取り組んでおりますが、人材が十分に確保できない場合又は現在在職している人材が流出するような場合には、当社グループの経営成績及び今後の事業運営に影響を及ぼす可能性があります。

 

(6）外注先への依存について

当社グループは、戸建事業及びマンション事業等のうちリノベーションに係る事業において、当社グループの工事監督が行う施工管理業務（品質・工程・コスト・安全の管理）を除いて全て外注業者に分離発注を行い外注しております。また、マンション事業等のうち新築分譲に係る事業においては施工管理も含めて外部の建設業者に全てを外注しております。これにより、当社グループでは事業拡大の早期化を図るとともに、人件費の抑制を図っております。

しかしながら、施工面の大部分を外注に依存しているため、外注業者の新規開拓を継続的に行う一方、品質管理に万全を期すためにも委託先の選定は慎重に行っておりますが、万が一、販売件数の増加に伴って当社グループの選定基準に合致する外注先を十分に確保できない場合、また、近年の建設労働者の減少・高齢化により、外注業者自体が十分な労働力を確保できない場合や、外注先が経営困難に陥って施工できず工期が遅延した場合等には当社グループの経営成績に影響が及ぶ可能性があります。

 

(7）販売方法について

当社グループでは、自社販売部門を設けておらず、戸建住宅並びにリノベーション住宅の販売は地元仲介業者に委託し、新築マンションの販売は販売代理会社を通じて行っております。当社グループは、この販売方法により固定的な人件費及び広告宣伝費の肥大化を防止できる他、仲介業者が持つ情報を活用できるものと考えておりますが、販売を外部に依存しているため、他社との競合により仲介業者等が当社グループの物件を積極的に販売しなくなった場合等には当社グループの経営成績に影響が及ぶ可能性があります。

こうしたリスクを低減するために、当社グループでは、営業担当者がチラシのポスティングや現場待機を実施するなど、少しずつ自社販売にも取り組んでおります。

 

 

(8）営業地域について

当社グループは、分譲用地の仕入、建築工事や販売などの営業活動を効率的・効果的に遂行するために、各地域に営業拠点を設置し、地域に密着して行うことを基本戦略の１つとしております。当連結会計年度末時点における各地域の営業拠点数は、当社におきましては、兵庫県に本社を含め５拠点、大阪府に３拠点、京都府に１拠点、奈良県に１拠点、愛知県に４拠点、広島県に１拠点、福岡県に１拠点及び埼玉県に１拠点となっております。連結子会社のアオイ建設株式会社では、神奈川県に本社を含め２拠点、東京都に１拠点を有しております。また、令和６年10月17日付で株式会社ＫＨＣ（兵庫県明石市）他６社が連結子会社となったことで、兵庫県に14拠点及び大阪府に１拠点が加わりました。

当社グループは、現在のところ近畿圏、首都圏及び愛知県が主な事業エリアとなっておりますが、当社グループの事業におきましては、事業エリアが営業拠点の存在する地域及びその周辺地域となるため、当社グループの経営成績は近畿圏、首都圏及び愛知県等の営業拠点の所在地域における景気動向、住宅需要、地価変動等による影響を受けやすいものと認識しております。今後、各エリアにおいて営業拠点の拡大を進めることで、リスクの分散を図ってまいります。

また、当社グループは営業拠点の増加による事業の拡大を計画しておりますが、営業網の拡大にあたり営業基盤の確立が順調に進まない可能性があります。

なお、売上高の大部分を占める戸建事業のうちの戸建分譲について、物件の属する地域により分類した販売実績の推移は以下のとおりです。

 

 

令和５年10月期

令和６年10月期

令和７年10月期

金額(千円)

構成比(％)

金額(千円)

構成比(％)

金額(千円)

構成比(％)

 

埼玉県

1,332,907

3.1

1,572,071

4.4

1,010,290

2.3

 

千葉県

1,456,324

3.3

957,960

2.6

927,539

2.2

 

東京都

2,648,029

6.1

2,374,336

6.6

1,104,887

2.6

 

神奈川県

4,250,909

9.8

4,168,173

11.6

4,957,603

11.6

 

岐阜県

－

－

24,204

0.1

－

－

 

愛知県

6,577,872

15.2

6,192,927

17.2

6,646,179

15.5

 

滋賀県

1,474,463

3.4

886,685

2.5

479,918

1.1

 

京都府

1,936,947

4.5

1,641,866

4.6

1,142,619

2.7

 

大阪府

9,248,084

21.3

6,020,541

16.7

3,144,244

7.3

 

兵庫県

6,063,960

14.0

3,755,691

10.4

9,529,471

22.2

 

奈良県

3,265,633

7.5

2,693,719

7.5

2,127,259

5.0

 

広島県

2,130,571

4.9

2,002,458

5.6

2,105,900

4.9

 

福岡県

812,384

1.9

1,276,537

3.5

1,266,762

2.9

 

佐賀県

19,645

0.0

－

－

30,569

0.1

戸建分譲

41,217,734

95.0

33,567,174

93.3

34,473,246

80.4

戸建分譲以外

2,155,686

5.0

2,418,636

6.7

8,410,411

19.6

合計

43,373,420

100.0

35,985,810

100.0

42,883,657

100.0

 

２．財政状態について

当社グループの戸建事業及びマンション事業におきましては、分譲用地又は中古マンション等の棚卸資産の仕入が必要であり、当社グループではこれら分譲用地等の取得資金について金融機関等からの借入金に依存しているため、棚卸資産の増加に伴って「営業活動によるキャッシュ・フロー」がマイナスとなり、又は有利子負債が増加する可能性があります。

令和７年10月期末においては有利子負債が当社の総資産額の23.1％を占めておりますが、当社グループでは、今後も分譲用地の取得資金について金融機関等からの借入金を中心とした調達を計画しており、事業の拡大に際しては有利子負債残高が増加することが見込まれます。このため、今後、金利が上昇あるいは高止まりした場合、金融機関の貸し出し態度が変化した場合等には、支払利息の増加、仕入計画の変更等により当社グループの経営成績に影響が及ぶ可能性があります。

当該リスクに対しては、事業サイクルの短縮により資金効率を高めることでリスクを低減する他、取引金融機関との円滑な取引関係の構築、金融資本市場の動向のモニタリング、健全な財務体質の維持などにより、対処してまいります。

 

令和５年10月期(千円)

令和６年10月期(千円)

令和７年10月期(千円)

総資産額

52,674,014

61,171,998

61,786,484

有利子負債残高

7,580,314

13,311,635

14,279,599

営業活動によるキャッシュ・フロー

2,547,390

6,035,480

2,919,641

投資活動によるキャッシュ・フロー

△1,332,947

△1,365,645

△1,162,627

財務活動によるキャッシュ・フロー

△1,412,180

△3,139,462

5,485

現金及び現金同等物の期末残高

17,395,458

18,925,830

20,688,330

販売用不動産

13,599,472

11,289,193

9,313,506

仕掛販売用不動産

6,186,687

11,343,841

12,199,197

未成工事支出金

1,080,236

1,053,776

1,275,548

 

３．法的規制等について

当社グループは主に「宅地建物取引業法」に基づく宅地建物取引業、「建設業法」に基づく建設業、更に「建築士法」、「建築基準法」に基づく一級建築士事務所として分譲用の土地の仕入から企画設計業務、施工業務、販売業務を行っております。また、当社の事業は上記以外にも「都市計画法」、「土地区画整理法」、「農地法」、「宅地造成等規制法」、「国土利用計画法」、「住宅の品質確保の促進等に関する法律」等、様々な法的規制を受けております。

当社及び当社子会社では、各社の事業に応じて宅地建物取引業法に基づく宅地建物取引業者免許及び建設業法に基づく建設業の許可を受けており、また建築士法に基づく一級建築士事務所の登録を行っております。

当社グループの主要な事業活動を継続するには、前述の宅地建物取引業者免許、建設業許可及び一級建築士事務所登録が必要であり、現時点においてこれらの免許、許可及び登録の取消し又は欠格事由に該当する事実等は無いものと認識しております。しかしながら、将来においてこれら免許、許可及び登録の取消し等があった場合には、主要な事業活動に支障をきたすとともに経営成績に重大な影響を及ぼす可能性があります。

なお、当社グループでは、各種法令等の遵守体制を強化するために、顧問弁護士による関連法令に関する法務セミナーを開催する他、各種会議体・研修会・通達などを通じて周知徹底を図る等、コンプライアンス教育に注力いたしております。

 

４．住宅品質保証について

「住宅の品質確保の促進等に関する法律」は瑕疵担保期間の10年間義務化と住宅性能表示制度を定めております。同法により、住宅供給者は新築住宅の構造上主要な部分及び雨水の浸水を防止する部分について10年間の瑕疵担保責任を負っております。

当社が販売する戸建分譲住宅は、住宅瑕疵担保責任保険法人である住宅保証機構株式会社による住宅瑕疵担保責任保険「まもりすまい保険」に加入しております。当該保険等を利用するためには、同機構の定める技術的基準に適合しているかどうかについて同機構が指定する第三者機関による現場検査を受ける必要があります。そのため、当社グループにおきましても施工を充実させ、品質管理に万全を期するとともに、販売後のクレーム等に関しましても十分に対応しております。

しかしながら、販売件数の増加に伴い、当社グループの品質管理に不備が生じた場合には、クレーム件数の増加や保証工事の増加等が当社グループの経営成績に影響を及ぼす可能性があります。更に、当社グループの販売した住宅に重大な瑕疵があるとされた場合など、当社グループの責によるか否かを問わず、また実際の瑕疵の有無によらず、根拠のない誤認であった場合にも当社グループの信用に悪影響を及ぼし、当社グループの経営成績に影響を与える可能性があります。

 

５．顧客情報等の管理について

当社グループは、当社グループの物件のご購入を検討頂くお客様やご購入頂いたお客様等、事業を行う上で多数の個人情報を保有している他、様々な経営情報等の内部情報を有しております。

これらの情報管理については、その管理に万全を期するため、管理体制の構築、社内規程の整備、システム上のセキュリティ対策を図るとともに、外部セミナーや研修等により社員の情報管理意識の向上に努めております。しかしながら、万が一、これらの情報が外部流出した場合は、当社グループに対する信頼の失墜や損害賠償等により、当社グループの経営成績等に影響を及ぼす可能性があります。

また、社会的関心が高まる中、今後、法規制が一層厳しくなる可能性もあり、徹底した情報管理の継続を図るため、コストが増加する可能性があります。